SIZES
  nstack                1703936
  nbuffer               6512
  nplugin               0
  pstack                4
  parena                24
  maxuse_stack          60
  maxuse_arena          504
  maxuse_con            0
  maxuse_efc            0
  solver_iter           0
  solver_nnz            0
  nbodypair_broad       0
  nbodypair_narrow      0
  ngeompair_mid         0
  ngeompair_narrow      0
  ne                    0
  nf                    0
  nefc                  0
  nnzJ                  0
  ncon                  0

ENERGY =   2.1e+04   0       

TIME =  2.2     

QPOS
   0       
   0       

QVEL
   0       
   0       

QACC_WARMSTART
   0       
   0       

QFRC_APPLIED
   0       
   0       

XFRC_APPLIED
   0         0         0         0         0         0       
   0         0         0         0         0         0       
   0         0         0         0         0         0       
   0         0         0         0         0         0       
   0         0         0         0         0         0       

QACC
   0       
   0       

XPOS
   0         0         0       
   9         2         0       
   9         1.7       0.98    
   9         2.5       0.98    
   9         2.5       1       

XQUAT
   1         0         0         0       
   1         0         0         0       
   1         0         0         0       
   1         0         0         0       
   1         0         0         0       

XMAT
   1         0         0         0         1         0         0         0         1       
   1         0         0         0         1         0         0         0         1       
   1         0         0         0         1         0         0         0         1       
   1         0         0         0         1         0         0         0         1       
   1         0         0         0         1         0         0         0         1       

XIPOS
   0         0         0       
   9         2.1       0.83    
   9         2.1       0.99    
   9         2.5       0.98    
   8.9       2.4       1       

XIMAT
   1         0         0         0         1         0         0         0         1       
   1        -0.00017   8.1e-05   8.1e-05  -0.0002   -1         0.00017   1        -0.0002  
   1         0.00012   1.4e-05  -0.00012   1         0.00026  -1.4e-05  -0.00026   1       
   1        -0.0022   -0.0011    0.0024    0.97      0.26      0.00049  -0.26      0.97    
   0.0001   -0.95     -0.31      0.00013   0.31     -0.95      1         5.5e-05   0.00016 

XANCHOR
   9         1.7       0.98    
   9         2.5       1       

XAXIS
   0         0         1       
   1         0         0       

GEOM_XPOS
   0         0         0       
   9         2.1       0.83    
   9         2.1       0.99    
   9         2.5       0.98    
   8.9       2.4       1       

GEOM_XMAT
   1         0         0         0         1         0         0         0         1       
   1        -0.00017   8.1e-05   8.1e-05  -0.0002   -1         0.00017   1        -0.0002  
   1         0.00012   1.4e-05  -0.00012   1         0.00026  -1.4e-05  -0.00026   1       
   1        -0.0022   -0.0011    0.0024    0.97      0.26      0.00049  -0.26      0.97    
   0.0001   -0.95     -0.31      0.00013   0.31     -0.95      1         5.5e-05   0.00016 

LIGHT_XPOS
   0         0         5       

LIGHT_XDIR
   0         0        -1       

SUBTREE_COM
   9         2.1       0.83    
   9         2.1       0.83    
   9         2.1       0.99    
   9         2.5       0.99    
   8.9       2.4       1       

CDOF
   0         0         1        -0.39     -0.022     0       
   1         0         0         0         0.18     -0.33    

CINERT
   0         0         0         0         0         0         0         0         0         0       
   1.9e+03   8.1e+02   1.2e+03   0.089     0.11     -0.086    -1.2      -0.22     -8.8       2.5e+03 
   20        17        3.3      -0.00069  -0.19     -0.0053    1.2       0.013     8.7       54      
   0.063     0.011     0.052    -0.0034   -0.0015   -0.023     0.01      0.15      0.067     0.45    
   0.02      0.0056    0.015     0.0019    0.0012   -0.0088   -0.0069    0.05      0.03      0.17    

CRB
   0         0         0         0         0         0         0         0         0         0       
   1.9e+03   8.3e+02   1.2e+03   0.087    -0.081    -0.12      1e-13     1.6e-13  -6.4e-14   2.5e+03 
   20        17        3.3      -0.0022   -0.19     -0.037     1.2       0.22      8.8       55      
   0.083     0.017     0.068    -0.0015   -0.00029  -0.032     0.0032    0.2       0.097     0.63    
   0.02      0.0056    0.015     0.0019    0.0012   -0.0088   -0.0069    0.05      0.03      0.17    

QM
   12        2.1e-07 
   2.1e-07   0.00053 

QLD
   12        0.0004  
   0.0004    0.00053 

QLDIAGINV
   0.084   
   1.9e+03 

QLDIAGSQRTINV
   0.29    
   44      

D_rownnz              2 2

D_rowadr              0 2

D_colind              0 1 0 1

B_rownnz              2 2 2 2 2

B_rowadr              0 2 4 6 8

B_colind              0 1 0 1 0 1 0 1 0 1

QDERIV
   0         0       
   0         0       

QLU
   0         0       
   0         0       

CONTACT
CVEL
   0         0         0         0         0         0       
   0         0         0         0         0         0       
   0         0         0         0         0         0       
   0         0         0         0         0         0       
   0         0         0         0         0         0       

CDOF_DOT
   0         0         0         0         0         0       
   0         0         0         0         0         0       

QFRC_BIAS
   0       
  -0.059   

QFRC_PASSIVE
   0       
  -0.059   

SUBTREE_LINVEL
   0         0         0       
   0         0         0       
   0         0         0       
   0         0         0       
   0         0         0       

SUBTREE_ANGMOM
   0         0         0       
   0         0         0       
   0         0         0       
   0         0         0       
   0         0         0       

QFRC_ACTUATOR
   0       
   0       

QFRC_SMOOTH
   0       
   0       

QACC_SMOOTH
   0       
   0       

QFRC_CONSTRAINT
   0       
   0       

QFRC_INVERSE
   0       
   0       

CACC
   0         0         0         0         0         0       
   0         0         0         0         0         0       
   0         0         0         0         0         0       
   0         0         0         0         0         0       
   0         0         0         0         0         0       

CFRC_INT
   0         0         0         0         0         0       
   0         0         0         0         0         0       
   0         0         0         0         0         0       
   0         0         0         0         0         0       
   0         0         0         0         0         0       

CFRC_EXT
   0         0         0         0         0         0       
   0         0         0         0         0         0       
   0         0         0         0         0         0       
   0         0         0         0         0         0       
   0         0         0         0         0         0       

