SIZES
  nstack                1703936
  nbuffer               8752
  nplugin               0
  pstack                64
  parena                7440
  maxuse_stack          301
  maxuse_arena          11144
  maxuse_con            3
  maxuse_efc            14
  solver_iter           3
  solver_nnz            64
  nbodypair_broad       6
  nbodypair_narrow      1
  ngeompair_mid         8
  ngeompair_narrow      3
  ne                    0
  nf                    0
  nefc                  12
  nnzJ                  96
  ncon                  3

SOLVER STAT
  solver_iter = 3
  solver_nnz = 64
    0:  improvement =  0.11      gradient =  3.2e-16   lineslope =  0       
        nactive = 6   nchange = 0   neval = 2   nupdate = 0
    1:  improvement =  1.9       gradient =  0         lineslope =  0       
        nactive = 6   nchange = 0   neval = 0   nupdate = 0
    2:  improvement = -4.3e-17   gradient =  0         lineslope =  0       
        nactive = 6   nchange = 0   neval = 0   nupdate = 0
solver_fwdinv =   0         0       

ENERGY =   5.7       2.3e-06 

TIME =  3e+02   

QPOS
   4.2     
   4.2     
  -0.1     
  -0.095   
   0.018   
   0.92    
  -0.093   
   0.038   
  -0.38    

QVEL
  -3.5e-14 
  -1.5e-14 
   0.0057  
  -0.0029  
  -7.6e-05 
   0.015   
  -0.11    
   0.035   

QACC_WARMSTART
  -1.3e-14 
  -6.7e-14 
   0.64    
   0.034   
   0.019   
   4       
  -12      
   3.5     

QFRC_APPLIED
  -1.4e-16 
  -4.7e-16 
   0       
   0       
   0       
   0       
   0       
   0       

XFRC_APPLIED
   0         0         0         0         0         0       
   0         0         0         0         0         0       
   0         0         0         0         0         0       
   0         0         0         0         0         0       
   0         0         0         0         0         0       

QACC
  -1.3e-14 
  -6.7e-14 
   0.69    
  -0.2     
   0.033   
   3.1     
  -14      
   2.8     

XPOS
   0         0         0       
   0         0         0.17    
   0.17      0         0.34    
  -0.17      0         0.34    
  -0.1      -0.095     0.018   

XQUAT
   1         0         0         0       
   1         0         0         0       
  -0.51      0         0.86      0       
  -0.49      0        -0.87      0       
   0.92     -0.093     0.039    -0.38    

XMAT
   1         0         0         0         1         0         0         0         1       
   1         0         0         0         1         0         0         0         1       
  -0.49      0        -0.87      0         1         0         0.87      0        -0.49    
  -0.52      0         0.85     -0         1         0        -0.85     -0        -0.52    
   0.71      0.69      0.14     -0.71      0.69      0.14     -0.00027  -0.2       0.98    

XIPOS
   0         0         0       
   0         0         0.14    
   0.25     -1.5e-09   0.19    
  -0.26     -3.9e-10   0.19    
  -0.094    -0.084     0.11    

XIMAT
   1         0         0         0         1         0         0         0         1       
   0         0         1         0        -1         0         1         0         0       
  -0.87      0        -0.49      0        -1         0        -0.49     -0         0.87    
   0.85     -0        -0.52      0        -1         0        -0.52      0        -0.85    
   0.71      0.37     -0.6      -0.71      0.37     -0.6      -0.00027   0.85      0.53    

XANCHOR
   0.17      0         0.34    
  -0.17      0         0.34    
  -0.1      -0.095     0.018   

XAXIS
   0         1         0       
   0        -1         0       
   0         0         1       

GEOM_XPOS
   0         0         0       
   0         0         0.0025  
   0.17      0         0.17    
  -0.17      0         0.17    
   0         0.16      0.17    
   0        -0.16      0.17    
   0.25     -1.5e-09   0.19    
  -0.26     -3.9e-10   0.19    
  -0.094    -0.084     0.11    

GEOM_XMAT
   1         0         0         0         1         0         0         0         1       
   1         0         0         0         1         0         0         0         1       
   1         0         0         0         1         0         0         0         1       
   1         0         0         0         1         0         0         0         1       
   1         0         0         0         1         0         0         0         1       
   1         0         0         0         1         0         0         0         1       
  -0.87      0        -0.49      0        -1         0        -0.49     -0         0.87    
   0.85     -0        -0.52      0        -1         0        -0.52      0        -0.85    
   0.71      0.37     -0.6      -0.71      0.37     -0.6      -0.00027   0.85      0.53    

LIGHT_XPOS
   0         0         5       

LIGHT_XDIR
   0         0        -1       

SUBTREE_COM
  -0.025    -0.022     0.13    
  -0.00038  -1.3e-10   0.14    
   0.25     -1.5e-09   0.19    
  -0.26     -3.9e-10   0.19    
  -0.094    -0.084     0.11    

CDOF
   0         1         0        -0.19      0         0.17    
   0        -1         0         0.2       0         0.17    
   0         0         0         1         0         0       
   0         0         0         0         1         0       
   0         0         0         0         0         1       
   0.71     -0.71     -0.00027  -0.065    -0.065     0.016   
   0.69      0.69     -0.2       0.066    -0.066    -2.5e-05 
   0.14      0.14      0.98      0.0022   -0.0022   -8.4e-07 

CINERT
   0         0         0         0         0         0         0         0         0         0       
   0.075     0.08      0.09     -1.4e-13   7.8e-06   2.6e-12   0.0011    3.6e-10  -0.021     2.8     
   0.0039    0.016     0.016     7.7e-11  -0.0016    1.4e-11   0.055    -3e-10     0.0098    0.22    
   0.0039    0.017     0.017    -1.4e-11   0.0019    2.8e-12  -0.056    -5.6e-11   0.011     0.22    
   0.0036    0.0036    0.0032   -0.0014    0.00073   0.00073   0         0        -1.6e-17   1.1     

CRB
   0         0         0         0         0         0         0         0         0         0       
   0.083     0.11      0.12      6.2e-11   0.00031   1.9e-11   0         5.2e-26  -2.4e-17   3.2     
   0.0039    0.016     0.016     7.7e-11  -0.0016    1.4e-11   0.055    -3e-10     0.0098    0.22    
   0.0039    0.017     0.017    -1.4e-11   0.0019    2.8e-12  -0.056    -5.6e-11   0.011     0.22    
   0.0036    0.0036    0.0032   -0.0014    0.00073   0.00073   0         0        -1.6e-17   1.1     

QM
   0.0083    0         0         0         0         0         0         0       
   0         0.0083    0         0         0         0         0         0       
   0         0         1.1       0         0        -0.074     0.075     0.0025  
   0         0         0         1.1       0        -0.074    -0.075    -0.0025  
   0         0         0         0         1.1       0.018    -2.9e-05  -9.6e-07 
   0         0        -0.074    -0.074     0.018     0.015    -1.1e-08  -8e-09   
   0         0         0.075    -0.075    -2.9e-05  -1.1e-08   0.012     0.0011  
   0         0         0.0025   -0.0025   -9.6e-07  -8e-09     0.0011    0.0036  

QLD
   0.0083    0         0         0         0         0         0         0       
   0         0.0083    0         0         0         0         0         0       
   0         0         0.24      0.4       0.08     -5         6.5       0.68    
   0         0         0.4       0.28      0.079    -5        -6.5      -0.68    
   0         0         0.08      0.079     1.1       1.2      -0.0025   -0.00026 
   0         0        -5        -5         1.2       0.015    -7.7e-07  -2.2e-06 
   0         0         6.5      -6.5      -0.0025   -7.7e-07   0.011     0.3     
   0         0         0.68     -0.68     -0.00026  -2.2e-06   0.3       0.0036  

QLDIAGINV
   1.2e+02 
   1.2e+02 
   4.2     
   3.6     
   0.89    
   67      
   87      
   2.8e+02 

QLDIAGSQRTINV
   11      
   11      
   2.1     
   1.9     
   0.94    
   8.2     
   9.3     
   17      

D_rownnz              1 1 6 6 6 6 6 6

D_rowadr              0 1 2 8 14 20 26 32

D_colind              0 1 2 3 4 5 6 7 2 3 4 5 6 7 2 3 4 5 6 7 2 3 4 5 6 7 2 3 4 5 6 7 2 3 4 5 6 7

B_rownnz              8 2 1 1 6

B_rowadr              0 8 10 11 12

B_colind              0 1 2 3 4 5 6 7 0 1 0 1 2 3 4 5 6 7

QDERIV
   0         0         0         0         0         0         0         0       
   0         0         0         0         0         0         0         0       
   0         0         0         0         0         0         0         0       
   0         0         0         0         0         0         0         0       
   0         0         0         0         0         0         0         0       
   0         0         0         0         0         0         0         0       
   0         0         0         0         0         0         0         0       
   0         0         0         0         0         0         0         0       

QLU
   0         0         0         0         0         0         0         0       
   0         0         0         0         0         0         0         0       
   0         0         0         0         0         0         0         0       
   0         0         0         0         0         0         0         0       
   0         0         0         0         0         0         0         0       
   0         0         0         0         0         0         0         0       
   0         0         0         0         0         0         0         0       
   0         0         0         0         0         0         0         0       

CONTACT
  0:
     dim           3
     geom          1 8
     exclude       0
     efc_address   0
     solref         0.02      1       
     solimp         0.9       0.95      0.001     0.5       2       
     dist          -0.00048 
     includemargin  0       
     pos           -0.044    -0.062     0.005   
     frame         -5.8e-14  -1.4e-14   1        -8.3e-28   1         1.4e-14  -1         0        -5.8e-14 
     friction       1         1         0.005     0.0001    0.0001  
     mu             1       
  1:
     dim           3
     geom          3 8
     exclude       0
     efc_address   4
     solref         0.02      1       
     solimp         0.9       0.95      0.001     0.5       2       
     dist          -0.00031 
     includemargin  0       
     pos           -0.17     -0.11      0.033   
     frame          1         0        -1.1e-13   0         1         0         1.1e-13  -0         1       
     friction       1         1         0.005     0.0001    0.0001  
     mu             1       
  2:
     dim           3
     geom          5 8
     exclude       0
     efc_address   8
     solref         0.02      1       
     solimp         0.9       0.95      0.001     0.5       2       
     dist          -0.0001  
     includemargin  0       
     pos           -0.15     -0.16      0.18    
     frame          0         1        -2.7e-13   0         2.7e-13   1         1        -0         0       
     friction       1         1         0.005     0.0001    0.0001  
     mu             1       

EFC_TYPE
  6
  6
  6
  6
  6
  6
  6
  6
  6
  6
  6
  6

EFC_ID
  0
  0
  0
  0
  1
  1
  1
  1
  2
  2
  2
  2

EFC_J
   0         0        -5.8e-14   1         1         0.075    -0.023     0.058   
   0         0        -5.8e-14  -1         1         0.057    -0.016    -0.066   
   0         0        -1        -1.4e-14   1         0.057    -0.018     0.029   
   0         0         1        -1.4e-14   1         0.075    -0.022    -0.038   
   0         0         1         1        -1.1e-13  -0.021     0.0084   -0.041   
   0         0         1        -1        -1.1e-13  -3.7e-05   0.005     0.081   
   0         0         1         0         1        -0.066     0.036     0.026   
   0         0         1         0        -1         0.045    -0.022     0.014   
   0         0         0         1         1        -0.19     -0.11     -0.072   
   0         0         0         1        -1        -0.04     -0.096    -0.069   
   0         0         1         1        -2.7e-13  -0.23     -0.0027    0.012   
   0         0        -1         1        -2.7e-13   0.00021  -0.21     -0.15    

EFC_AR
   6.6      -2.9       1.5       1.9       3.2      -2.1       0.24      0.83     -3.6      -0.39     -1.6      -2.4     
  -2.9       6.1      -1.3       4.2      -1.3       5.1       1.9       1.9       3.3      -0.03     -0.42      3.7     
   1.5      -1.3       3.4      -2.9      -1.3      -3.7      -0.56     -4.4       0.13     -2        -0.41     -1.5     
   1.9       4.2      -2.9       9.3       3.2       6.7       2.7       7.2      -0.38      1.6      -1.6       2.8     
   3.2      -1.3      -1.3       3.2       5.1      -2.3      -0.11      2.6      -1.8       2.3      -0.69      1.3     
  -2.1       5.1      -3.7       6.7      -2.3       16        4.3       8.7       0.41     -0.91      0.68     -1.2     
   0.24      1.9      -0.56      2.7      -0.11      4.3       3         1.5       1.6      -1.1       1.4      -0.94    
   0.83      1.9      -4.4       7.2       2.6       8.7       1.5       10       -2.9       2.5      -1.4       1       
  -3.6       3.3       0.13     -0.38     -1.8       0.41      1.6      -2.9       8.3       0.44      3.7       4.6     
  -0.39     -0.03     -2         1.6       2.3      -0.91     -1.1       2.5       0.44      3.8      -0.14      4       
  -1.6      -0.42     -0.41     -1.6      -0.69      0.68      1.4      -1.4       3.7      -0.14      4.3      -0.37    
  -2.4       3.7      -1.5       2.8       1.3      -1.2      -0.94      1         4.6       4        -0.37      9.4     

EFC_POS
  -0.00048 
  -0.00048 
  -0.00048 
  -0.00048 
  -0.00031 
  -0.00031 
  -0.00031 
  -0.00031 
  -0.0001  
  -0.0001  
  -0.0001  
  -0.0001  

EFC_MARGIN
   0       
   0       
   0       
   0       
   0       
   0       
   0       
   0       
   0       
   0       
   0       
   0       

EFC_FRICTIONLOSS
   0       
   0       
   0       
   0       
   0       
   0       
   0       
   0       
   0       
   0       
   0       
   0       

EFC_DIAGAPPROX
   3.5     
   3.5     
   3.5     
   3.5     
   3.5     
   3.5     
   3.5     
   3.5     
   3.5     
   3.5     
   3.5     
   3.5     

EFC_KBIP
   2.8e+03   1.1e+02   0.92     -96      
   2.8e+03   1.1e+02   0.92     -96      
   2.8e+03   1.1e+02   0.92     -96      
   2.8e+03   1.1e+02   0.92     -96      
   2.8e+03   1.1e+02   0.91     -63      
   2.8e+03   1.1e+02   0.91     -63      
   2.8e+03   1.1e+02   0.91     -63      
   2.8e+03   1.1e+02   0.91     -63      
   2.8e+03   1.1e+02   0.9      -20      
   2.8e+03   1.1e+02   0.9      -20      
   2.8e+03   1.1e+02   0.9      -20      
   2.8e+03   1.1e+02   0.9      -20      

EFC_D
   3.4     
   3.4     
   3.4     
   3.4     
   2.9     
   2.9     
   2.9     
   2.9     
   2.6     
   2.6     
   2.6     
   2.6     

EFC_R
   0.29    
   0.29    
   0.29    
   0.29    
   0.35    
   0.35    
   0.35    
   0.35    
   0.38    
   0.38    
   0.38    
   0.38    

CVEL
   0         0         0         0         0         0       
   0         0         0         0         0         0       
   0        -3.5e-14   0         6.8e-15   0        -6e-15   
   0         1.5e-14   0        -2.9e-15   0        -2.5e-15 
  -0.026    -0.026     0.029    -0.00051   0.00079  -0.00024 

CDOF_DOT
   0         0         0         0         0         0       
   0         0        -0         0         0         0       
   0         0         0         0         0         0       
   0         0         0         0         0         0       
   0         0         0         0         0         0       
   0         0        -0        -0.00017  -0.00017  -0.00021 
  -0         0         0         0.00055   0.00028   0.0028  
   0         0         0        -0.0018   -0.0022    0.00058 

QFRC_BIAS
  -0.18    
  -0.19    
  -8.9e-05 
  -8.9e-05 
   11      
   0.18    
  -0.00028 
  -9.4e-06 

QFRC_PASSIVE
  -0.18    
  -0.19    
   0       
   0       
   0       
   0       
   0       
   0       

EFC_VEL
   4.1e-05 
   0.00099 
  -0.0011  
   0.0021  
  -0.00092 
   0.0056  
   0.00099 
   0.0037  
   0.0011  
   0.00092 
   0.00063 
   0.0014  

EFC_AREF
   1.2     
   1.1     
   1.3     
   1       
   0.89    
   0.21    
   0.69    
   0.41    
   0.14    
   0.16    
   0.19    
   0.11    

SUBTREE_LINVEL
   0         0         0       
   0         0         0       
   0         0         0       
   0         0         0       
   0         0         0       

SUBTREE_ANGMOM
   0         0         0       
   0         0         0       
   0         0         0       
   0         0         0       
   0         0         0       

QFRC_ACTUATOR
   0       
   0       
   0       
   0       
   0       
   0       
   0       
   0       

QFRC_SMOOTH
  -1.1e-16 
  -5.6e-16 
   8.9e-05 
   8.9e-05 
  -11      
  -0.18    
   0.00028 
   9.4e-06 

QACC_SMOOTH
  -1.3e-14 
  -6.7e-14 
   8.5e-05 
   8.5e-05 
  -9.8     
   0.00011 
  -2.2e-06 
  -4.7e-06 

EFC_B
  -11      
  -11      
  -11      
  -11      
  -0.89    
  -0.21    
  -10      
   9.4     
  -10      
   9.7     
  -0.19    
  -0.11    

EFC_FORCE
   1.3     
   3.3     
   4.9     
   0       
   1.6     
   0       
   1.9     
   0       
   0       
   0       
   0.96    
   0       

EFC_STATE
  1
  1
  1
  0
  1
  0
  1
  0
  0
  0
  1
  0

QFRC_CONSTRAINT
   0       
   0       
  -0.47    
   0.59    
   11      
   0.19    
  -0.094   
  -0.0027  

QFRC_INVERSE
  -8.3e-17 
  -6.9e-16 
  -3.2     
  -3       
   0.92    
   0.24    
  -0.056   
  -0.045   

CACC
   0         0         0         0         0         0       
   0         0         0         0         0         0       
   0         0         0         0         0         0       
   0         0         0         0         0         0       
   0         0         0         0         0         0       

CFRC_INT
   0         0         0         0         0         0       
   0         0         0         0         0         0       
   0         0         0         0         0         0       
   0         0         0         0         0         0       
   0         0         0         0         0         0       

CFRC_EXT
   0         0         0         0         0         0       
   0         0         0         0         0         0       
   0         0         0         0         0         0       
   0         0         0         0         0         0       
   0         0         0         0         0         0       

